tree.number	q01.sim	q10.sim	pSpec.sim	q01.fit	q10.fit	pSpec.fit	llik.fit	
50	 0.1	 0.1	 0.4	 0.0787443016548181	 0.108316969816492	 0.509841878628011	 64.6317269812178	 
39	 0.1	 0.1	 0.4	 0.0639175111638276	 0.177139465219784	 0.502244794257628	 57.2850062925293	 
53	 0.1	 0.1	 0.4	 0.088935279458817	 0.30383576139438	 0.433524548924603	 61.0234691026215	 
41	 0.1	 0.1	 0.4	 0.0778816574027753	 0.271999371944163	 0.497699722658983	 51.3135972119341	 
38	 0.1	 0.1	 0.4	 0.0922710762855641	 0.22561905278924	 0.502832589393391	 67.2056924308173	 
10	 0.1	 0.1	 0.4	 0.0825404185268019	 0.375837404288444	 0.423701490070915	 63.6690240556222	 
27	 0.1	 0.1	 0.4	 0.0548721341813348	 0.188164216756891	 0.442630639212524	 46.8702010776658	 
5	 0.1	 0.1	 0.4	 0.106965525019905	 0.323779602533611	 0.19198113327002	 64.3269970473607	 
29	 0.1	 0.1	 0.4	 0.0888543361558507	 0.399089775825304	 0.211605244162329	 64.5202370420314	 
13	 0.1	 0.1	 0.4	 0.10680674495492	 0.365783786498098	 0.331369654385259	 59.2437808365933	 
1	 0.1	 0.1	 0.4	 0.0381132855686934	 0.253711572914027	 0.380047402927258	 43.9906985753079	 
12	 0.1	 0.1	 0.4	 0.139235506820359	 0.215788242440282	 0.254408849247176	 68.2494004368036	 
14	 0.1	 0.1	 0.4	 0.0833148496875621	 0.475051762418921	 0.197713648438107	 58.0970783350517	 
52	 0.1	 0.1	 0.4	 0.0694491071378122	 0.397948057282977	 0.462836975440314	 56.1305901049997	 
24	 0.1	 0.1	 0.4	 0.066125713384444	 0.33235708271878	 0.740191241593749	 71.4728546178279	 
16	 0.1	 0.1	 0.4	 0.0987289332240865	 0.331413633627794	 0.264502853537776	 74.6214762253313	 
8	 0.1	 0.1	 0.4	 0.129097612283862	 0.416003727680275	 0.388375074304273	 54.2667316959948	 
55	 0.1	 0.1	 0.4	 0.0985393733261004	 0.432654547016034	 0.179664438012742	 76.1624569395004	 
7	 0.1	 0.1	 0.4	 0.132501935505676	 0.408423865267455	 0.503570164717667	 70.3385138272191	 
51	 0.1	 0.1	 0.4	 0.115962369802721	 0.360837109259816	 0.376861433137843	 64.5783201714177	 
56	 0.1	 0.1	 0.4	 0.118415503195437	 0.514175182768395	 0.428784807731989	 63.1117009535215	 
17	 0.1	 0.1	 0.4	 0.0751850836482273	 0.581395785517608	 0.476942503480172	 66.8296106642239	 
37	 0.1	 0.1	 0.4	 0.0969744460362892	 0.385000100991662	 0.199153100810581	 55.1841976297887	 
30	 0.1	 0.1	 0.4	 0.0682109607599671	 0.320683333096346	 0.874615028947794	 59.1409653297267	 
44	 0.1	 0.1	 0.4	 0.103997309782782	 0.647482067654583	 0.204382997841098	 67.8002633700193	 
36	 0.1	 0.1	 0.4	 0.0951364073600392	 0.454525491862358	 0.175299648561263	 70.8585860462931	 
47	 0.1	 0.1	 0.4	 0.0959751454915018	 0.462654024477856	 0.264457821596329	 61.0820975700462	 
43	 0.1	 0.1	 0.4	 0.1248900322571	 0.526341193737274	 0.477019008935499	 73.8759362813524	 
31	 0.1	 0.1	 0.4	 0.107271338710701	 0.609967637522293	 0.195709491664029	 76.3151968568068	 
22	 0.1	 0.1	 0.4	 0.0740609027171579	 0.46707746651798	 0.525018165514857	 62.516301437422	 
6	 0.1	 0.1	 0.4	 0.101978106639131	 0.32136776676833	 0.240497694406903	 68.4531200020506	 
11	 0.1	 0.1	 0.4	 0.0845748829058026	 0.52322745226722	 0.45160415543159	 65.2712114928358	 
34	 0.1	 0.1	 0.4	 0.137988232947091	 0.671107797218078	 0.121340473702366	 57.7842853121026	 
2	 0.1	 0.1	 0.4	 0.0816718517091212	 0.621762627490815	 0.149891566406732	 64.9660315273948	 
25	 0.1	 0.1	 0.4	 0.067144833754028	 0.790721045920896	 0.502598753076879	 63.8340155151367	 
48	 0.1	 0.1	 0.4	 0.165597857084071	 0.490101860503819	 0.324623784112456	 77.8561564860291	 
40	 0.1	 0.1	 0.4	 0.0856030271028287	 0.625730206517537	 0.150888258221431	 64.5579625828709	 
19	 0.1	 0.1	 0.4	 0.053524776209641	 0.313753619140088	 0.284935029024802	 47.9495187237426	 
23	 0.1	 0.1	 0.4	 0.0949705178293361	 0.506377309534622	 0.179787517998614	 64.4820882855985	 
54	 0.1	 0.1	 0.4	 0.113305292863759	 0.794928197288944	 0.19474880132669	 74.9324124146188	 
45	 0.1	 0.1	 0.4	 0.0699615112379114	 0.44311015455401	 0.532560267277313	 77.9305441693955	 
4	 0.1	 0.1	 0.4	 0.0760866635054196	 0.655693421199096	 0.178968806868779	 60.1563983438071	 
33	 0.1	 0.1	 0.4	 0.0501721789911656	 0.511994964045943	 0.493568330361865	 42.592554406064	 
26	 0.1	 0.1	 0.4	 0.0661511732879118	 0.478961676370195	 0.682676604335333	 51.8432129274441	 
20	 0.1	 0.1	 0.4	 0.0651659460799584	 0.512123374060199	 0.729292663119899	 58.3169170173867	 
15	 0.1	 0.1	 0.4	 0.103017622469545	 0.558160705951592	 0.643032362809911	 80.2102966456077	 
49	 0.1	 0.1	 0.4	 0.0344214159042822	 0.422687322154348	 0.292876623179817	 35.1000369038149	 
95	 0.1	 0.1	 0.4	 0.0995745031669853	 0.180887021380723	 0.319089007511171	 68.6416267170422	 
9	 0.1	 0.1	 0.4	 0.0557614938823767	 0.581611769060568	 0.812931368578005	 56.4059202104817	 
46	 0.1	 0.1	 0.4	 0.0501767600166087	 0.648884001761681	 0.827310543224713	 58.8039005700987	 
21	 0.1	 0.1	 0.4	 0.0652212864015955	 0.628568825276117	 0.56100922068408	 59.4393992308665	 
35	 0.1	 0.1	 0.4	 0.0671188292424967	 0.626776132263985	 0.504353995496759	 55.9306491144821	 
28	 0.1	 0.1	 0.4	 0.0803246386034012	 0.580340501386182	 0.673753815858674	 60.789236410001	 
42	 0.1	 0.1	 0.4	 0.14133359737749	 0.524862631219397	 0.495595478270216	 70.7527153165204	 
32	 0.1	 0.1	 0.4	 0.122800235001851	 0.687611197325426	 1.01385008764432	 78.6798051133556	 
18	 0.1	 0.1	 0.4	 0.0411110669184715	 0.627571810517048	 0.158581543122695	 65.8597801547779	 
3	 0.1	 0.1	 0.4	 0.0836360198375962	 0.684724935384485	 0.134039785282108	 53.1439417294611	 
83	 0.1	 0.1	 0.4	 0.116591440117984	 0.46415888336128	 0.343078359436358	 87.0543183416304	 
58	 0.1	 0.1	 0.4	 0.0906341083728984	 0.164295247136194	 0.483450104001094	 48.7681428784848	 
57	 0.1	 0.1	 0.4	 0.077592824720756	 0.270296140045615	 0.540217017582302	 60.4732750198646	 
97	 0.1	 0.1	 0.4	 0.121670469858823	 0.49271137936308	 0.587119707048829	 81.4309527630696	 
78	 0.1	 0.1	 0.4	 0.0697272886199359	 0.30141625298774	 0.383098094046897	 69.5770305744869	 
90	 0.1	 0.1	 0.4	 0.112741376593279	 0.409732109813543	 0.431910064931084	 68.9723728932116	 
70	 0.1	 0.1	 0.4	 0.107177951645622	 0.372359067609988	 0.319807916058354	 63.5202441482768	 
85	 0.1	 0.1	 0.4	 0.0752333364517188	 0.418375265338124	 0.457585518151208	 59.0645811470187	 
64	 0.1	 0.1	 0.4	 0.121670469858823	 0.350303474126535	 0.495054011388993	 51.8752278067232	 
66	 0.1	 0.1	 0.4	 0.0764422274252601	 0.643181187721508	 0.257272475088603	 71.5925619269541	 
80	 0.1	 0.1	 0.4	 0.0657917284749278	 0.250943307194798	 0.606307174579898	 50.6573131050838	 
63	 0.1	 0.1	 0.4	 0.111293527400449	 0.312041935449991	 0.387616792895832	 65.4073397337202	 
79	 0.1	 0.1	 0.4	 0.151048085944029	 0.211549265907325	 0.238151998324202	 73.6316602478013	 
67	 0.1	 0.1	 0.4	 0.110252090083731	 0.170323949941241	 0.42020301896102	 72.4500360724254	 
73	 0.1	 0.1	 0.4	 0.172353359508473	 0.411702338029597	 0.392607091191853	 61.9763390639797	 
92	 0.1	 0.1	 0.4	 0.0816700379137889	 0.519778009006788	 0.160293137479554	 57.6127621500881	 
75	 0.1	 0.1	 0.4	 0.0630957344480193	 0.292864456462524	 0.633957276984446	 62.3540240582522	 
61	 0.1	 0.1	 0.4	 0.0814733781940544	 0.6595725405655	 0.175778407264513	 74.4965998827479	 
94	 0.1	 0.1	 0.4	 0.0455009372884884	 0.411630284753906	 0.310324145796143	 44.7091103524995	 
100	 0.1	 0.1	 0.4	 0.0734067736481167	 0.647365078335394	 0.421058038197613	 87.7549222900392	 
69	 0.1	 0.1	 0.4	 0.111576205504264	 0.545545874245731	 0.439342154470683	 77.6345444263169	 
72	 0.1	 0.1	 0.4	 0.0335996773325969	 0.317671860048663	 0.319435443010687	 31.8874708102365	 
99	 0.1	 0.1	 0.4	 0.124517535673989	 0.574421020332092	 0.437796202159407	 77.6598574582448	 
68	 0.1	 0.1	 0.4	 0.143918754244977	 0.649528270179302	 0.217358480516831	 75.6664493946114	 
89	 0.1	 0.1	 0.4	 0.0541891123461543	 0.317579054837491	 0.285755880575348	 63.4586890299352	 
96	 0.1	 0.1	 0.4	 0.0454811869410478	 0.306383541648411	 0.310973635994233	 49.0178823752367	 
93	 0.1	 0.1	 0.4	 0.0767029810024272	 0.369999641401477	 0.508535136523534	 69.4509186217295	 
86	 0.1	 0.1	 0.4	 0.0637719401191044	 0.502256916343091	 0.261512281786295	 43.7739879263125	 
91	 0.1	 0.1	 0.4	 0.069129034903498	 0.230627729067623	 0.487258674893026	 63.4425224792184	 
98	 0.1	 0.1	 0.4	 0.100816146321322	 0.365677293409704	 0.230161662114524	 64.2320280036556	 
87	 0.1	 0.1	 0.4	 0.0788354700442449	 0.591449364180138	 0.468252071688268	 57.3090259239762	 
76	 0.1	 0.1	 0.4	 0.06341272990172	 0.390452806679788	 0.619917928784503	 45.7650046500886	 
74	 0.1	 0.1	 0.4	 0.117876613131972	 0.359824039774211	 0.554533062200087	 83.4534108980538	 
82	 0.1	 0.1	 0.4	 0.135413362587653	 0.763400816721713	 0.29916682653954	 76.1946110116854	 
62	 0.1	 0.1	 0.4	 0.0738966267709925	 0.877993277847629	 0.341210389874124	 68.1866962372865	 
59	 0.1	 0.1	 0.4	 0.124491267552923	 0.357661523564523	 0.324405171658883	 75.790811130515	 
71	 0.1	 0.1	 0.4	 0.0547691887704389	 0.498377639863353	 0.45744044577104	 60.8685758027174	 
60	 0.1	 0.1	 0.4	 0.0294223020672888	 0.412259215292849	 0.260384633902833	 30.6476520165029	 
77	 0.1	 0.1	 0.4	 0.0743724412067495	 0.455216077868775	 0.739205582863836	 61.4912814374851	 
65	 0.1	 0.1	 0.4	 0.071172661621603	 0.511291728769244	 0.416523192077212	 58.7393948517406	 
88	 0.1	 0.1	 0.4	 0.088454330815004	 0.788131988253259	 0.150169692978994	 60.9842997982729	 
84	 0.1	 0.1	 0.4	 0.152641408857833	 0.78754654642253	 0.315106768509946	 63.1110811831677	 
81	 0.1	 0.1	 0.4	 0.0729494103651454	 0.887276463122979	 0.192799911673457	 39.2563628955864	 
